0,1064
49760,9
49760,8
49760,7
49760,6
49760,5
49760,4
49760,3
49759,3
49758,5
49758,4
49758,3
49757,9
49757,8
49757,7
49757,6
49757,5
49757,4
49757,3
49746,5
49746,4
49746,3
49745,3
49744,13
49744,12
49744,11
49744,10
49744,9
49744,8
49744,7
49744,6
49744,5
49744,4
49744,3
49744,2
49743,3
49742,3
49741,4
49741,3
49740,3
49739,3
49738,4
49738,3
49735,5
49734,5
49731,5
49727,3
49724,4
49724,3
49723,4
49723,3
49722,8
49722,4
4,3
2,87
2,86
2,75
2,74
2,73
2,72
2,71
2,70
2,69
2,68
2,66
2,65
2,64
2,37
2,27
2,26
2,25
2,22
2,21
2,18
2,15
2,12
2,11
2,7
2,3
2,0
1,6
1,5
1,3
0,574
0,521
0,520
0,519
0,518
0,517
0,516
0,515
0,514
0,513
0,448
0,447
0,410
0,322
0,243
0,0
49774,3
0,512
0,1
0,539
0,9
0,310
0,305
0,931
0,920
0,909
0,466
0,496
0,453
0,495
0,492
0,308
0,304
0,303
0,302
0,307
0,511
0,12
0,573
0,10
0,493
0,8
0,912
0,300
0,930
0,299
0,483
0,298
0,929
0,297
0,1056
0,296
0,945
0,295
0,1042
0,294
0,1055
0,293
0,911
0,292
0,1041
0,291
0,395
0,290
0,896
0,289
0,1054
0,288
0,439
0,287
0,1039
0,286
0,1038
0,285
0,1040
0,284
0,482
0,283
0,473
0,282
0,1031
0,281
0,902
0,280
0,481
0,279
0,1060
0,278
0,1048
0,277
0,1059
49760,10
49760,11
49760,14
49760,15
49760,18
49760,19
49760,25
49762,3
49766,3
49770,1
49770,3
49770,7
49770,9
49770,10
49770,12
49770,13
49770,16
49770,17
49774,4
49774,6
49780,3
49781,4
49782,3
49783,3
49784,3
49785,3
49786,3
49786,4
49786,6
49786,9
49787,5
49790,3
49792,3
49793,4
49795,3
49797,4
49813,3
49815,4
49816,11
49816,24
49817,4
49819,3
49819,28
49820,3
49821,3
49822,3
49823,3
49827,3
49827,5
49827,6
49829,3
49830,3
49831,3
49831,5
49831,6
49831,8
49831,9
49831,11
49831,12
49831,14
49831,16
49831,17
49832,3
49833,3
49833,6
49835,3
49835,4
49835,7
49835,10
49835,19
49835,20
49836,3
49836,5
49836,8
49837,3
49837,4
49837,6
49837,12
49837,13
49837,19
49837,24
49840,3
49841,3
49843,3
49844,4
49844,5
49871,4
49872,3
49873,4
49881,3
49881,4
49904,4
49905,3
49908,3
49936,3
49949,3
49953,136
49953,1547
49953,1549
49953,1550
49953,1552
49953,1554
49953,1555
49953,1557
49953,1558
49953,1560
49953,1562
49953,1563
49953,1565
49953,1566
49953,1568
49953,1569
49953,1571
49953,1573
49953,1574
49953,1576
49953,1577
49953,1579
49953,1581
49953,1582
49953,1584
49953,1585
49953,1587
49953,1588
49953,1590
49953,1592
49953,1593
49953,1595
49953,1596
49953,1598
49953,1638
49953,1639
49953,1641
49953,1642
49953,1644
49953,1645
49953,1647
49953,1649
49953,1650
49953,1652
49953,1653
49953,1655
49953,1657
49953,1658
49953,1660
49953,1661
49953,1663
49953,1666
49953,1667
49953,1669
49953,1670
49953,1672
49953,1673
49953,1675
49953,1677
49953,1678
49953,1680
49953,1681
49953,1683
49953,1685
49953,1686
49953,1688
49953,1689
49953,1691
49953,1692
49953,1694
49953,1696
49953,1697
49953,1699
49953,1700
49953,1702
49953,1704
49953,1705
49953,1707
49953,1708
49953,1710
49953,1711
49953,1713
49953,1715
49953,1716
49953,1718
49953,1719
49953,1721
49953,1723
49953,1724
49953,1726
49953,1727
49953,1730
49953,1732
49953,1733
49953,1735
49953,1736
49953,1738
49953,1739
49953,1741
49953,1743
49953,1744
49953,1746
49953,1747
49953,1749
49953,1751
49953,1752
49953,1754
49953,1755
49953,1757
49953,1758
49953,1760
49953,1762
49953,1763
49953,1765
49953,1766
49953,1768
49953,1770
49953,1771
49953,1773
49953,1774
49953,1776
49953,1777
49953,1779
49953,1781
49953,1782
49953,1784
49953,1785
49953,1787
49953,1789
49953,1790
49953,1792
49953,1793
49953,1795
49953,1796
49953,1798
49953,1800
49953,1801
49953,1803
49953,1804
49953,1806
49953,1808
49953,1809
49953,1811
49953,1812
49953,1814
49953,1816
49953,1817
49953,1819
49953,1820
49953,1822
49953,1823
49953,1825
49953,1827
49953,1828
49953,1830
49953,1831
49953,1833
49953,1835
49953,1836
49953,1838
49953,1839
49953,1841
49953,1842
49953,1844
49953,1846
49953,1847
49953,1849
49953,1850
49953,1852
49953,1854
49953,1855
49953,1857
49953,1858
49953,1860
49953,1861
49953,1863
49953,1865
49953,1866
49953,1868
49953,1869
49953,1871
49953,1873
49953,1874
49953,1876
49953,1877
49953,1879
49953,1881
49953,1882
49953,1884
49953,1885
49953,1887
49953,1888
49953,1890
49953,1892
49953,1893
49953,1895
49953,1896
49953,1898
49953,1900
49953,1901
49953,1903
49953,1904
49953,1906
49953,1907
49953,1909
49953,1911
49953,1912
49953,1914
49953,1915
49953,1917
49953,1919
49953,1920
49953,1922
49953,1923
49953,1925
49953,1926
49953,1928
49953,1930
49953,1931
49953,1933
49953,1934
49953,1936
49953,1938
49953,1939
49953,1941
49953,1942
49953,1944
49953,1946
49953,1947
49953,1949
49953,1950
49953,1952
49953,1953
49953,1955
49953,1957
49953,1958
49953,1960
49953,1961
49953,1963
49953,1965
49953,1966
49953,1968
49953,1969
49953,1971
49953,1972
49953,1974
49953,1976
49953,1977
49953,1979
49953,1980
49953,1982
49953,1984
49953,1985
49953,1987
49953,1988
49953,1990
49953,1991
49953,1993
49953,1995
49953,1996
49953,1998
49953,1999
49953,2001
49953,2003
49953,2004
49953,2006
49953,2007
49953,2009
49953,2010
49953,2012
49953,2014
49953,2015
49953,2017
49953,2018
49953,2020
49953,2022
49953,2023
49953,2025
49953,2026
49953,2028
49953,2030
49953,2031
49953,2033
49953,2034
49953,2036
49953,2037
49953,2039
49953,2041
49953,2042
49953,2044
49953,2045
49953,2047
49953,2049
49953,2050
49953,2052
49953,2053
49953,2055
49953,2056
49953,2058
49953,2060
49953,2061
49953,2063
49953,2064
49953,2066
49953,2068
49953,2069
49953,2071
49953,2072
49953,2074
49953,2075
49953,2077
49953,2079
49953,2080
49953,2082
49953,2083
49953,2085
49953,2087
49953,2088
49953,2090
49953,2091
49953,2093
49953,2095
49953,2096
49953,2098
49953,2099
49953,2101
49953,2102
49953,2104
49953,2106
49953,2107
49953,2109
49953,2110
49953,2112
49953,2114
49953,2115
49953,2117
49953,2118
49953,2120
49953,2121
49953,2123
49953,2125
49953,2126
49953,2128
49953,2129
49953,2131
49953,2133
49953,2134
49953,2136
49953,2137
49953,2139
49953,2140
49953,2142
49953,2144
49953,2145
49953,2147
49953,2148
49953,2150
49953,2152
49953,2153
49953,2155
49953,2156
49953,2158
49953,2159
49953,2161
49953,2163
49953,2164
49953,2166
49953,2167
49953,2169
49953,2171
49953,2172
49953,2174
49953,2175
49953,2177
49953,2179
49953,2180
49953,2182
49953,2183
49953,2185
49953,2186
49953,2188
49953,2190
49953,2191
49953,2193
49953,2194
49953,2196
49953,2198
49953,2199
49953,2201
49953,2202
49953,2204
49953,2205
49953,2207
49953,2209
49953,2210
49953,2212
49953,2213
49953,2215
49953,2217
49953,2218
49953,2220
49953,2221
49953,2223
49953,2224
49953,2226
49953,2228
49953,2229
49953,2231
49953,2232
49953,2234
49953,2236
49953,2237
49953,2239
49953,2240
49953,2242
49953,2244
49953,2245
49953,2247
49953,2248
49953,2250
49953,2251
49953,2253
49953,2255
49953,2256
49953,2258
49953,2259
49953,2261
49953,2263
49953,2264
49953,2266
49953,2267
49953,2269
49953,2270
49953,2272
49953,2274
49953,2275
49953,2277
49953,2278
49953,2280
49953,2282
49953,2283
49953,2285
49953,2286
49953,2288
49953,2289
49953,2291
49953,2293
49953,2294
49953,2296
49953,2297
49953,2299
49953,2301
49953,2302
49953,2304
49953,2305
49953,2307
49953,2308
49953,2310
49953,2312
49953,2313
49953,2315
49953,2316
49953,2318
49953,2320
49953,2321
49953,2323
49953,2324
49953,2326
49953,2328
49953,2329
49953,2331
49953,2332
49953,2334
49953,2335
49953,2337
49953,2339
49953,2340
49953,2342
49953,2343
49953,2345
49953,2347
49953,2348
49953,2350
49953,2351
49953,2353
49953,2354
49953,2356
49953,2358
49953,2359
49953,2361
49953,2362
49953,2364
49953,2366
49953,2367
49953,2369
49953,2370
49953,2372
49953,2373
49953,2375
49953,2377
49953,2378
49953,2380
49953,2381
49953,2383
49953,2385
49953,2386
49953,2388
49953,2389
49953,2391
49953,2393
49953,2394
49953,2396
49953,2397
49953,2399
49953,2400
49953,2402
49953,2404
49953,2405
49953,2407
49953,2408
49953,2410
49953,2412
49953,2413
49953,2415
49953,2416
49953,2418
49953,2419
49953,2421
49953,2423
49953,2424
49953,2426
49953,2427
49953,2429
49953,2431
49953,2432
49953,2434
49953,2435
49953,2437
49953,2438
49953,2440
49953,2442
49953,2443
49953,2445
49953,2446
49953,2448
49953,2450
49953,2451
49953,2453
49953,2454
49953,2456
49953,2458
49953,2459
49953,2461
49953,2462
49953,2464
49953,2465
49953,2467
49953,2469
49953,2470
49953,2472
49953,2473
49953,2475
49953,2477
49953,2478
49953,2480
49953,2481
49953,2483
49953,2484
49953,2486
49953,2488
49953,2489
49953,2491
49953,2492
49953,2494
49953,2496
49953,2497
49953,2499
49953,2500
49953,2502
49953,2503
49953,2505
49953,2507
49953,2508
49953,2510
49953,2511
49953,2561
49953,2563
49953,2564
49953,2566
49953,2567
49953,2569
49953,2570
49953,2572
49953,2574
49953,2575
49953,2577
49953,2578
49953,2580
49953,2582
49953,2583
49953,2585
49953,2586
49953,2588
49953,2590
49953,2591
49953,2593
49953,2594
49953,2596
49953,2597
49953,2599
49953,2601
49953,2602
49953,2604
49953,2605
49953,2607
49953,2609
49953,2610
49953,2612
49953,2613
49953,2615
49953,2616
49953,2618
49953,2620
49953,2621
49953,2623
49953,2624
49953,2752
49953,2817
49953,2818
49953,2820
49953,2821
49953,2823
49953,2824
49953,2826
49953,2828
49953,2829
49953,2831
49953,2832
49953,2834
49954,0
49954,1
49954,3
49954,4
49954,6
49954,8
49954,9
49954,11
49954,12
49954,14
49954,15
49954,17
49954,19
49954,20
49954,22
49954,23
49954,25
49954,27
49954,28
49954,30
49954,31
49954,33
49954,34
49954,36
49954,38
49954,39
49954,41
49954,42
49954,44
49954,46
49954,47
49954,49
49954,50
49954,52
49954,53
49954,55
49954,57
49954,58
49954,60
49954,61
49954,63
49954,65
49954,66
49954,68
49954,69
49954,71
49954,72
49954,74
49954,76
49954,77
49954,79
49954,80
49954,82
49954,84
49954,85
49954,87
49954,88
49954,90
49954,92
49954,93
49954,95
49954,96
49954,98
49954,99
49954,101
49954,103
49954,104
49954,106
49954,107
49954,109
49954,111
49954,112
49954,114
49954,115
49954,117
49954,118
49954,120
49954,122
49954,123
49954,125
49954,126
49954,128
49954,130
49954,131
49954,192
49954,193
49954,195
49954,196
49954,198
49954,200
49954,201
49954,203
49954,204
49954,206
49954,208
49954,209
49954,211
49954,256
49954,258
49954,260
49954,261
49954,263
49954,264
49954,266
49954,267
49954,269
49954,271
49954,272
49954,274
49954,275
49954,277
49954,279
49954,280
49954,319
49955,0
49955,2
49955,3
49956,0
49956,2
49956,3
49957,1
49957,2
49957,4
49958,1
49958,2
49958,4
49958,5
49959,0
49959,1
49959,3
49960,1
49960,2
49961,0
49961,1
49961,3
49961,5
49961,6
49961,8
49961,9
49961,11
49961,12
49962,0
49962,2
49962,3
49963,0
49963,1
49963,3
49964,0
49964,1
49964,3
49964,4
49965,1
49965,3
49966,0
49966,2
49966,3
49966,5
49966,6
49966,8
49967,1
49967,2
49968,0
49968,1
49968,3
49968,5
49968,6
49969,1
49969,2
49969,4
49969,5
49969,7
49969,9
49969,10
49969,12
49969,13
49969,15
49969,17
49969,18
49969,20
49969,21
49969,23
49969,24
49969,26
49969,28
49969,29
49969,31
49969,32
49969,34
49970,1
49970,2
49970,4
49970,5
49971,1
49971,3
49972,0
49972,2
49972,3
49973,1
49973,2
49974,0
49974,2
49974,3
49975,1
49975,2
49975,4
49976,1
49976,2
49977,0
49977,1
49977,3
49978,0
49978,2
49978,4
49979,0
49979,2
49979,3
49979,5
49980,0
49980,1
49980,3
49980,4
49980,6
49981,0
49981,2
49981,4
49981,5
49982,0
49982,1
49982,3
49982,5
49983,0
49983,2
49983,3
49984,1
49984,3
49985,0
49985,2
49985,3
49986,1
49986,2
49986,4
49987,0
49987,1
49987,3
49987,4
49988,1
49988,3
49988,4
49989,0
49989,1
49989,3
49989,4
49990,1
49990,3
49991,0
49991,2
49991,3
49992,1
49992,3
49992,4
49992,6
49993,0
49993,2
49993,3
49994,1
49994,3
49994,4
49995,1
49995,2
49995,4
49996,0
49996,1
49996,3
49996,4
49997,0
49997,1
49997,3
49998,1
49998,2
49998,4
49998,5
49999,1
49999,3
49999,4
50000,1
50000,2
50000,4
50001,0
50001,1
50001,3
50002,0
50002,2
50002,3
50003,0
50003,2
50003,3
50004,0
50004,1
50004,3
50004,5
50004,6
50005,0
50005,1
50005,3
50006,0
50006,2
50007,0
50007,1
50007,3
50008,0
50008,2
50009,0
50009,1
50009,3
50010,0
50010,2
50010,3
50011,1
50011,3
50012,0
50012,2
50012,3
50013,1
50013,3
50014,0
50014,2
50014,3
50015,1
50015,3
50016,0
50016,2
50016,3
50017,1
50017,2
50018,0
50018,2
50018,3
50019,1
50019,2
50020,0
50020,2
50020,3
50021,1
50021,2
50022,0
50022,1
50022,3
49926,3
49908,12
49928,7
49865,3
49913,3
49910,5
49913,4
49930,3
49930,6
49734,3
49731,3
49735,3
49722,3
49722,1
49926,41
49926,1
49926,42
49835,1
49902,3
49902,15
49903,3
49816,3
49815,3
49730,3
49940,3
49845,3
49845,5
49927,3
49847,3
49928,39
49908,61
49926,292
49835,26
49837,27
49819,85
49835,30
49926,294
49799,3
49800,3
49736,3
49721,4
49799,4
49862,3
49800,2
49942,3
49736,8
49736,1
49932,3
49721,5
49736,12
49736,5
49736,6
49736,14
49874,3
49791,3
49788,5
49901,3
49885,4
49885,8
49894,3
49908,13
49908,14
49928,9
49908,16
49908,17
49928,11
49908,19
49928,12
49908,21
49908,22
49928,14
49908,24
49928,17
49928,20
49908,29
49928,23
49928,25
49908,39
49928,26
49908,42
49928,27
49928,28
49908,51
49928,32
49908,56
49908,57
49928,36
49908,59
49908,64
49908,67
49908,128
49915,3
49725,3
49777,3
49778,3
49779,4
49736,10
49892,3
49770,5
49770,6
49786,7
49786,8
49863,4
49798,3
49926,7
49861,3
49861,4
49859,3
49858,3
49872,5
49814,4
49924,3
49908,25
49908,1
49908,26
49908,41
49926,9
49926,11
49926,12
49926,14
49926,15
49926,17
49926,19
49926,20
49926,22
49926,23
49926,25
49926,27
49926,28
49926,30
49926,31
49926,33
49926,34
49926,35
49926,39
49926,64
49926,66
49926,67
49926,69
49926,71
49926,72
49926,74
49926,75
49926,77
49926,78
49926,80
49926,82
49926,83
49926,85
49926,86
49926,88
49926,90
49926,91
49926,93
49926,94
49926,96
49926,97
49926,99
49926,101
49926,102
49926,104
49926,105
49926,107
49926,109
49926,110
49926,112
49926,113
49926,115
49926,117
49926,118
49926,120
49926,121
49837,14
49926,123
49926,125
49926,127
49926,128
49926,130
49926,131
49926,133
49926,135
49926,136
49926,138
49926,139
49926,141
49926,142
49926,144
49926,146
49926,147
49926,149
49926,150
49926,152
49926,154
49926,155
49926,157
49926,158
49926,160
49926,161
49926,163
49926,165
49926,166
49926,168
49926,169
49926,171
49926,173
49926,174
49926,176
49926,177
49926,179
49926,181
49926,182
49926,184
49926,185
49926,187
49926,188
49926,190
49837,18
49926,192
49926,194
49926,195
49926,197
49926,199
49926,200
49926,202
49926,203
49926,205
49926,206
49926,208
49926,210
49926,211
49926,213
49926,214
49926,216
49926,218
49926,219
49926,221
49926,222
49926,224
49926,225
49926,227
49926,229
49926,230
49926,232
49926,233
49926,235
49926,237
49926,238
49926,240
49926,241
49926,243
49926,244
49926,246
49926,248
49926,249
49926,251
49926,252
49926,254
49837,21
49926,256
49926,258
49926,259
49926,261
49926,263
49926,264
49926,266
49926,267
49926,269
49926,270
49926,272
49926,274
49926,275
49926,277
49926,278
49926,280
49926,282
49926,283
49926,285
49926,286
49926,288
49926,289
49926,291
49926,295
49926,296
49926,298
49926,299
49926,301
49926,303
49926,304
49926,306
49926,307
49926,309
49926,310
49926,312
49926,314
49926,315
49926,317
49926,318
49837,25
49926,321
49926,322
49926,324
49926,325
49926,327
49926,329
49926,330
49926,332
49926,333
49926,335
49926,336
49926,338
49926,340
49926,341
49926,343
49926,344
49926,346
49926,348
49926,349
49926,351
49926,352
49926,354
49926,355
49926,357
49926,359
49926,360
49926,362
49926,363
49926,365
49926,367
49926,368
49926,370
49926,371
49926,373
49926,374
49926,376
49926,378
49926,379
49926,381
49926,382
49835,32
49836,30
49836,31
49836,28
49928,4
49928,1
49928,37
49928,19
49928,31
49928,30
49928,33
49928,35
49928,18
49836,1
49837,7
49926,383
49926,380
49926,377
49926,375
49926,372
49926,369
49926,366
49926,364
49926,361
49926,358
49926,356
49926,353
49926,350
49926,347
49926,345
49926,342
49926,339
49926,337
49926,334
49926,331
49926,328
49926,326
49926,323
49926,320
49926,319
49926,316
49926,313
49926,311
49926,308
49926,305
49926,302
49926,300
49926,297
49926,293
49926,290
49926,287
49926,284
49926,281
49926,279
49926,276
49926,273
49926,271
49926,268
49926,265
49926,262
49926,260
49926,257
49926,255
49926,253
49926,250
49926,247
49926,245
49926,242
49926,239
49926,236
49926,234
49926,231
49926,228
49926,226
49926,223
49926,220
49926,217
49926,215
49926,212
49926,209
49926,207
49926,204
49926,201
49926,198
49926,196
49926,193
49926,191
49926,189
49926,186
49926,183
49926,180
49926,178
49926,175
49926,172
49926,170
49926,167
49926,164
49926,162
49926,159
49926,156
49926,153
49926,151
49926,148
49926,145
49926,143
49926,140
49926,137
49926,134
49926,132
49926,129
49926,126
49926,124
49926,122
49926,119
49926,116
49926,114
49926,111
49926,108
49926,106
49926,103
49926,100
49926,98
49926,95
49926,92
49926,89
49926,87
49926,84
49926,81
49926,79
49926,76
49926,73
49926,70
49926,68
49926,65
49926,38
49837,10
49926,32
49926,29
49926,26
49926,24
49926,21
49926,18
49926,16
49926,13
49926,10
49926,8
49908,66
49908,11
49814,3
49872,4
49857,3
49860,3
49929,3
49787,4
49949,4
49863,3
49891,3
49779,3
49725,4
49898,3
49928,41
49928,40
49908,58
49928,34
49908,52
49908,48
49908,47
49908,40
49908,38
49908,28
49908,27
49908,23
49928,13
49908,20
49908,18
49928,10
49908,15
49928,8
49900,3
49885,3
49791,4
49788,3
49736,13
49736,9
49736,11
49931,3
49736,4
49941,3
49862,20
49799,5
49721,3
49801,3
49836,27
49816,35
49835,25
49760,16
49908,60
49760,26
49845,4
49939,3
49816,1
49903,4
49902,6
49837,1
49926,57
49926,4
49760,1
49911,3
49729,3
49925,3
49910,4
49910,3
49926,6
50022,4
50022,2
50021,3
50021,0
50020,1
50019,3
50019,0
50018,1
50017,3
50017,0
50016,1
50015,2
50015,0
50014,1
50013,2
50013,0
50012,1
50011,2
50011,0
50010,1
50009,2
50008,3
50008,1
50007,2
50006,3
50006,1
50005,2
50004,7
50004,4
50004,2
50003,4
50003,1
50002,4
50002,1
50001,2
50000,5
50000,3
50000,0
49999,2
49999,0
49998,3
49998,0
49997,2
49996,5
49996,2
49995,5
49995,3
49995,0
49994,2
49994,0
49993,1
49992,5
49992,2
49992,0
49991,1
49990,2
49990,0
49989,2
49988,5
49988,2
49988,0
49987,2
49986,5
49986,3
49986,0
49985,1
49984,2
49984,0
49983,1
49982,4
49982,2
49981,6
49981,3
49981,1
49980,5
49980,2
49979,6
49979,4
49979,1
49978,3
49978,1
49977,2
49976,3
49976,0
49975,3
49975,0
49974,1
49973,3
49973,0
49972,1
49971,2
49971,0
49970,3
49970,0
49969,33
49969,30
49969,27
49969,25
49969,22
49969,19
49969,16
49969,14
49969,11
49969,8
49969,6
49969,3
49969,0
49968,4
49968,2
49967,3
49967,0
49966,7
49966,4
49966,1
49965,2
49965,0
49964,2
49963,4
49963,2
49962,4
49962,1
49961,13
49961,10
49961,7
49961,4
49961,2
49960,3
49960,0
49959,2
49958,6
49958,3
49958,0
49957,3
49957,0
49956,1
49955,4
49955,1
49954,281
49954,278
49954,276
49954,273
49954,270
49954,268
49954,265
49954,262
49954,259
49954,257
49954,210
49954,207
49954,205
49954,202
49954,199
49954,197
49954,194
49954,132
49954,129
49954,127
49954,124
49954,121
49954,119
49954,116
49954,113
49954,110
49954,108
49954,105
49954,102
49954,100
49954,97
49954,94
49954,91
49954,89
49954,86
49954,83
49954,81
49954,78
49954,75
49954,73
49954,70
49954,67
49954,64
49954,62
49954,59
49954,56
49954,54
49954,51
49954,48
49954,45
49954,43
49954,40
49954,37
49954,35
49954,32
49954,29
49954,26
49954,24
49954,21
49954,18
49954,16
49954,13
49954,10
49954,7
49954,5
49954,2
49953,2880
49953,2833
49953,2830
49953,2827
49953,2825
49953,2822
